-1.500000000000000000e+01
-1.509999999999999964e+01
-1.519999999999999929e+01
-1.530000000000000071e+01
-1.540000000000000036e+01
-1.540000000000000036e+01
-1.540000000000000036e+01
-1.540000000000000036e+01
-1.540000000000000036e+01
-1.540000000000000036e+01
-1.540000000000000036e+01
-1.530000000000000071e+01
-1.530000000000000071e+01
-1.530000000000000071e+01
-1.519999999999999929e+01
-1.519999999999999929e+01
-1.519999999999999929e+01
-1.509999999999999964e+01
-1.509999999999999964e+01
-1.509999999999999964e+01
-1.500000000000000000e+01
-1.500000000000000000e+01
-1.500000000000000000e+01
-1.490000000000000036e+01
-1.480000000000000071e+01
-1.480000000000000071e+01
-1.469999999999999929e+01
-1.469999999999999929e+01
-1.469999999999999929e+01
-1.459999999999999964e+01
-1.459999999999999964e+01
-1.459999999999999964e+01
-1.450000000000000000e+01
-1.450000000000000000e+01
-1.450000000000000000e+01
-1.440000000000000036e+01
-1.440000000000000036e+01
-1.440000000000000036e+01
-1.430000000000000071e+01
-1.430000000000000071e+01
-1.430000000000000071e+01
-1.430000000000000071e+01
-1.430000000000000071e+01
-1.430000000000000071e+01
-1.430000000000000071e+01
-1.430000000000000071e+01
-1.430000000000000071e+01
-1.440000000000000036e+01
-1.440000000000000036e+01
-1.450000000000000000e+01
-1.450000000000000000e+01
-1.459999999999999964e+01
-1.469999999999999929e+01
-1.469999999999999929e+01
-1.480000000000000071e+01
-1.480000000000000071e+01
-1.490000000000000036e+01
-1.490000000000000036e+01
-1.490000000000000036e+01
-1.500000000000000000e+01
-1.500000000000000000e+01
-1.509999999999999964e+01
-1.509999999999999964e+01
-1.519999999999999929e+01
-1.530000000000000071e+01
-1.530000000000000071e+01
-1.540000000000000036e+01
-1.550000000000000000e+01
-1.559999999999999964e+01
-1.569999999999999929e+01
-1.580000000000000071e+01
-1.590000000000000036e+01
-1.610000000000000142e+01
-1.619999999999999929e+01
-1.630000000000000071e+01
-1.650000000000000000e+01
-1.669999999999999929e+01
