1.232000000000000028e+02
1.230000000000000000e+02
1.229000000000000057e+02
1.227000000000000028e+02
1.225000000000000000e+02
1.222000000000000028e+02
1.220000000000000000e+02
1.217000000000000028e+02
1.214000000000000057e+02
1.212000000000000028e+02
1.210000000000000000e+02
1.207999999999999972e+02
1.205999999999999943e+02
1.204000000000000057e+02
1.202000000000000028e+02
1.200000000000000000e+02
1.197999999999999972e+02
1.195000000000000000e+02
1.192999999999999972e+02
1.190000000000000000e+02
1.187999999999999972e+02
1.185000000000000000e+02
1.182000000000000028e+02
1.180000000000000000e+02
1.177000000000000028e+02
1.175000000000000000e+02
1.172000000000000028e+02
1.170000000000000000e+02
1.167999999999999972e+02
1.165000000000000000e+02
1.162999999999999972e+02
1.160000000000000000e+02
1.157999999999999972e+02
1.155000000000000000e+02
1.152000000000000028e+02
1.149000000000000057e+02
1.145999999999999943e+02
1.142999999999999972e+02
1.140000000000000000e+02
1.137000000000000028e+02
1.134000000000000057e+02
1.130999999999999943e+02
1.129000000000000057e+02
1.125999999999999943e+02
1.124000000000000057e+02
1.122000000000000028e+02
1.120000000000000000e+02
1.117999999999999972e+02
1.115999999999999943e+02
1.114000000000000057e+02
1.112000000000000028e+02
1.110000000000000000e+02
1.107999999999999972e+02
1.105000000000000000e+02
1.102999999999999972e+02
1.100999999999999943e+02
1.097999999999999972e+02
1.095999999999999943e+02
1.094000000000000057e+02
1.092000000000000028e+02
1.090000000000000000e+02
1.087999999999999972e+02
1.087000000000000028e+02
1.085000000000000000e+02
1.082999999999999972e+02
1.080999999999999943e+02
1.079000000000000057e+02
1.077999999999999972e+02
1.075999999999999943e+02
1.074000000000000057e+02
1.072000000000000028e+02
1.070999999999999943e+02
1.069000000000000057e+02
1.067999999999999972e+02
1.067000000000000028e+02
1.065999999999999943e+02
1.065000000000000000e+02
